-1 -1 -1 -1 -1 -1 -1 -1 -1 -1 
-1 -1 -1 -1 -1 -1 -1 -1 -1 -1 
e15 e11 e24 e21 e13 e3 -1 -1 -1 -1 
e17 e7 e8 e6 e12 e22 e20 e18 e16 e19 
e18 e6 e17 e8 e7 e20 e2 e16 e23 e10 
-1 e22 e1 e4 -1 e15 e13 -1 -1 -1 
e14 e12 e19 e9 e20 e4 e24 e8 e17 e13 
e6 -1 e22 e11 e23 e19 e21 e7 e2 e18 
-1 -1 -1 -1 -1 -1 -1 e1 -1 -1 
e3 e21 e5 e1 e2 -1 -1 -1 -1 e15 
-1 -1 -1 -1 e11 -1 -1 -1 -1 -1 
e19 e23 e7 e2 e8 e21 e22 e24 e18 e14 
-1 e15 e10 e17 e5 e13 e4 e20 -1 -1 
-1 -1 -1 -1 -1 -1 e6 -1 -1 e16 
-1 -1 -1 -1 e1 -1 -1 -1 -1 -1 
-1 -1 -1 -1 -1 -1 -1 -1 -1 e12 
-1 -1 -1 -1 -1 -1 -1 -1 -1 -1 
-1 -1 -1 -1 -1 -1 -1 -1 -1 -1 
-1 -1 -1 -1 -1 -1 -1 -1 -1 -1 
-1 -1 -1 -1 -1 -1 -1 -1 e5 -1 
-1 -1 -1 -1 -1 e24 -1 e11 -1 -1 
-1 -1 -1 -1 -1 -1 -1 -1 -1 -1 
-1 -1 -1 -1 -1 -1 -1 -1 -1 -1 
-1 -1 -1 -1 -1 -1 -1 -1 -1 -1 
-1 -1 -1 -1 -1 -1 e15 e13 -1 -1 
-1 -1 -1 -1 e24 -1 -1 -1 -1 -1 
-1 -1 e15 -1 -1 -1 e11 -1 -1 -1 
-1 -1 -1 e13 -1 -1 -1 -1 -1 -1 
e24 e4 e11 e18 e10 e8 e7 -1 e20 -1 
-1 -1 e20 -1 e17 e10 -1 e4 -1 -1 
e23 -1 e16 e14 e9 e12 e19 e22 e6 -1 
-1 -1 -1 -1 -1 -1 -1 -1 -1 -1 
-1 -1 -1 -1 -1 -1 -1 -1 -1 -1 
-1 -1 -1 e5 -1 -1 e1 -1 -1 -1 
-1 -1 -1 -1 -1 -1 -1 -1 e8 -1 
e1 -1 e3 -1 e21 e2 e18 e17 e7 -1 
e5 -1 -1 -1 -1 -1 -1 -1 -1 -1 
e2 e8 e21 e3 e16 e23 -1 -1 -1 -1 
e13 e10 e4 e20 e6 -1 -1 -1 e22 -1 
e12 e9 e18 e7 e19 e14 e17 e15 -1 -1 
e22 e13 e23 e16 e15 e9 e12 e14 e19 e6 
e11 e24 -1 -1 -1 -1 -1 -1 -1 -1 
-1 -1 -1 -1 -1 -1 -1 -1 -1 -1 
-1 -1 -1 -1 -1 -1 -1 -1 -1 -1 
e4 -1 -1 -1 e3 -1 -1 e21 -1 -1 
e20 -1 -1 -1 -1 -1 -1 e5 -1 -1 
e10 -1 -1 -1 -1 e18 e9 e23 e14 e17 
e8 -1 -1 -1 -1 -1 -1 e3 -1 e2 
-1 -1 -1 -1 -1 e5 -1 -1 -1 -1 
-1 -1 -1 -1 -1 -1 -1 -1 -1 -1 
-1 -1 -1 -1 -1 -1 -1 -1 -1 e23 
-1 -1 -1 -1 -1 -1 -1 -1 e1 -1 
-1 e17 -1 -1 -1 -1 -1 e10 e4 e20 
e7 e16 e6 e23 e18 -1 -1 -1 -1 e1 
-1 -1 -1 -1 -1 -1 -1 -1 e13 e11 
e9 e19 e12 e22 e14 -1 -1 -1 e24 -1 
-1 -1 -1 -1 -1 -1 -1 -1 -1 -1 
e21 e3 -1 -1 -1 -1 e5 -1 -1 -1 
-1 e2 -1 -1 -1 -1 -1 -1 -1 -1 
-1 -1 -1 -1 -1 -1 -1 -1 -1 -1 
-1 -1 -1 -1 -1 -1 -1 -1 -1 -1 
-1 -1 -1 -1 -1 -1 -1 e2 -1 -1 
-1 e5 -1 -1 -1 e1 -1 -1 -1 -1 
-1 e14 e9 e19 -1 -1 e3 e12 e21 -1 
e16 e18 e14 e12 e22 e7 e8 e19 e9 e21 
-1 e20 e2 e10 e4 e17 e23 e6 -1 e7 
-1 e1 -1 -1 -1 -1 -1 -1 e3 e8 
-1 -1 e13 e15 -1 e16 e14 e9 e12 e22 
-1 -1 -1 e24 -1 e11 e10 -1 e15 e4 
-1 -1 -1 -1 -1 -1 -1 -1 -1 e24 
-1 -1 -1 -1 -1 -1 -1 -1 e11 e5 
-1 -1 -1 -1 -1 -1 -1 -1 -1 e3 
-1 -1 -1 -1 -1 e6 e16 -1 -1 e9 
-1 -1 -1 -1 -1 -1 -1 -1 e10 -1 
-1 -1 -1 -1 -1 -1 -1 -1 -1 -1 
36 67 6 10 15 63 34 9 52 54 
38 59 66 12 10 36 5 62 8 48 
10 58 36 38 45 3 64 48 67 72 
45 29 39 6 66 7 13 30 53 69 
37 63 10 34 13 49 58 46 20 71 
8 5 54 4 39 73 14 66 31 41 
54 4 12 40 5 65 29 8 36 66 
48 38 4 5 12 29 65 7 35 67 
56 40 64 7 31 41 47 68 65 73 
47 39 13 66 29 30 69 53 74 5 
42 3 29 8 11 69 27 21 71 55 
40 7 56 65 4 31 41 64 68 16 
39 41 68 28 3 13 6 25 55 7 
7 64 65 31 56 40 68 41 47 12 
3 13 27 68 41 6 25 40 69 10 
65 54 31 41 38 68 73 5 4 14 
4 53 5 13 30 66 40 36 7 47 
5 65 40 29 54 47 36 4 12 8 
12 56 7 64 40 8 31 65 41 4 
46 66 30 39 7 5 4 13 29 53 
58 10 38 3 36 12 8 45 64 65 
41 6 8 56 65 4 12 31 39 68 
31 12 41 54 8 38 66 47 5 51 
29 42 3 69 26 21 7 12 56 70 
